0,0,0,0,0,0,0,0,0,0,0,0,0,0,0,0,0,0,0,0,0,0,0,0,0,0,0,0,0,0,0,0,0,0,0,0,0,0,0,0,0,5,0,0,5,0,0,0,0,0,0,5,0,0,0,0,0,0,0,0,0,0,5,0,0,0,5,0,0,0,0,0,0,0,0,0,0,0,0,0,0,0,0,0,0,0,0,0,0,0,0,0,0,0,0,0,0,0,0,0,0,0,0,0,0,0,0,0,0,0,0,0,0,0,0,0,0,0,0,0,0,0,5,0,0,0,5,0,0,0,0,0,0,0,0,0,0,0,0,0
1,0.0,0.6667440904419322
2,0,0.6611706063720452
3,1,0.643153134635149
4,2,0.6120123329907503
5,3,0.5760750256937307
6,4,0.5335128468653648
7,5,0.4883175745118191
8,7,0.44724357656731756
9,9,0.39912435765673177
10,11,0.3517944501541624
11,14,0.3077070914696814
12,16,0.2693175745118191
13,18,0.2363782117163412
14,20,0.20995991778006168
15,22,0.17945632065775952
16,25,0.14982425488180884
17,27,0.1281973278520041
18,29,0.11149434737923947
19,31,0.09836279547790339
20,33,0.08501541623843782
21,34,0.07233504624871531
22,36,0.06346351490236382
23,38,0.05687255909558068
24,39,0.05384583761562179
25,40,0.05062487153134635
26,41,0.04688694758478931
27,41,0.042041109969167524
28,42,0.038611510791366904
29,43,0.03422302158273381
30,43,0.03158890030832477
31,44,0.029724563206577594
32,44,0.02876464542651593
33,44,0.02816546762589928
34,44,0.02786639260020555
35,44,0.027588900308324768
36,44,0.027448098663926
37,44,0.027448098663926
38,44,0.02730524152106886
39,45,0.02702158273381295
40,45,0.02702158273381295
5,100,140,0.3,0,200,0,0.14,39,45,0.02702158273381295,"[45, 45, 45, 45, 45, 45, 45, 45, 45, 45, 45, 45, 45, 45, 45, 45, 45, 45, 45, 45, 45, 45, 45, 45, 45, 45, 45, 45, 45, 45, 45, 45, 45, 45, 45, 45, 45, 45, 45, 45, 45, 45, 45, 45, 45, 45, 45, 45, 45, 45, 45, 45, 45, 45, 45, 45, 45, 45, 45, 45, 45, 45, 45, 45, 45, 45, 45, 45, 45, 45, 45, 45, 45, 45, 45, 45, 45, 45, 45, 45, 45, 45, 45, 45, 45, 45, 45, 45, 45, 45, 45, 45, 45, 45, 45, 45, 45, 45, 45, 45, 45, 45, 45, 45, 45, 45, 45, 45, 45, 45, 45, 45, 45, 45, 45, 45, 45, 45, 45, 45, 45, 45, 45, 45, 45, 45, 45, 45, 45, 45, 45, 45, 45, 45, 45, 45, 45, 45, 45, 45]"
